G?a 1.000 (50 +5)
125, 136, 139, 140, 143, 16, 160, 197, 20, 203, 204, 272, 308, 333, 356, 36, 386, 388, 406, 415, 434, 457, 47, 496, 50, 532, 539, 60, 625,687, 688, 746, 780, 820, 824, 845, 852, 854, 886, 894, 902, 92, 956, 959, 966, 970, 977, 985,1,1000

//4378, 4440, 5675, 6393, 8407

G?a 10.000 (100 +10)

1031, 1203, 1222, 1315, 1486, 1557, 1632, 1752, 1764, 1962, 2022, 2312, 2521, 2681, 280, 2861, 2865, 2867, 2876, 2939, 3, 300, 3047, 3897, 398, 4114, 4117, 4144, 4269, 4408, 4804, 4940, 5007, 5132, 5240, 5284, 5375, 5436, 5524, 5694, 5915, 5991, 6013, 6021, 6030, 6070, 6123, 6260, 6294, 630, 6363, 6446, 647, 6500, 6579, 667, 6717, 6738, 6823, 7013, 7258, 7278, 732, 7335, 7404, 7418, 7421, 7700, 7714, 7910, 8102, 8112, 8248, 844, 8458, 8527, 8650, 8660, 8676, 8791, 8804, 8874, 9017, 9061, 9101, 9128, 923, 9355, 9374, 9395, 9438, 944, 9546, 9553, 9580, 98, 9839, 9911,1,10000

//11837, 26341, 26549, 32923, 43213, 55116, 58345, 59895, 78230, 81967

G?a 100.000 (200 +10)

1031, 1203, 1222, 1315, 1486, 1557, 1632, 1752, 1764, 1962, 2022, 2312, 2521, 2681, 280, 2861, 2865, 2867, 2876, 2939, 3, 300, 3047, 3897, 398, 4114, 4117, 4144, 4269, 4408, 4804, 4940, 5007, 5132, 5240, 5284, 5375, 5436, 5524, 5694, 5915, 5991, 6013, 6021, 6030, 6070, 6123, 6260, 6294, 630, 6363, 6446, 647, 6500, 6579, 667, 6717, 6738, 6823, 7013, 7258, 7278, 732, 7335, 7404, 7418, 7421, 7700, 7714, 7910, 8102, 8112, 8248, 844, 8458, 8527, 8650, 8660, 8676, 8791, 8804, 8874, 9017, 9061, 9101, 9128, 923, 9355, 9374, 9395, 9438, 944, 9546, 9553, 9580, 98, 9839, 9911,
 1005, 1317, 1319, 1326, 1390, 1466, 1520, 1522, 1529, 1713, 1747, 1772, 1941, 2254, 2279, 2385, 2405, 2477, 2533, 2583, 2641, 2714, 2870, 2946, 2991, 3273, 3339, 3435, 3479, 3500, 3590, 3608, 3653, 3668, 3728, 3771, 3842, 4016, 4029, 4103, 4150, 4212, 4466, 4521, 4557, 4581, 4628, 4636, 4755, 5029, 5310, 5322, 5361, 5369, 5553, 5667, 5739, 5915, 6178, 6313, 6455, 6551, 6585, 6634, 6641, 6974, 7007, 7094, 7099, 7206, 7277, 7349, 7646, 7659, 7721, 7832, 7836, 7871, 7932, 7974, 8024, 8136, 8220, 8234, 8253, 8305, 8331, 8379, 8453, 8499, 8578, 8713, 8739, 8818, 8911, 9577, 9602, 9703, 9807, 9969,
 1,100000

//191585, 218902, 341881, 632285, 680667, 727928, 770050, 802577, 991551, 995902

****help for website :http://lyk-lechain.ilei.sch.gr/lyklec/randomN.php****
